https://brauer.maths.qmul.ac.uk/Atlas/v3/matrep/L216G1-f5r16B0

a := [
[0,3,0,0,0,0,0,0,0,0,0,0,0,0,0,0],
[3,0,0,0,0,0,0,0,0,0,0,0,0,0,0,0],
[0,0,0,3,0,0,0,0,0,0,0,0,0,0,0,0],
[0,0,3,0,0,0,0,0,0,0,0,0,0,0,0,0],
[0,0,0,0,0,3,0,0,0,0,0,0,0,0,0,0],
[0,0,0,0,3,0,0,0,0,0,0,0,0,0,0,0],
[0,0,0,0,0,0,0,0,3,0,0,0,0,0,0,0],
[0,0,0,0,0,0,0,0,0,3,0,0,0,0,0,0],
[0,0,0,0,0,0,3,0,0,0,0,0,0,0,0,0],
[0,0,0,0,0,0,0,3,0,0,0,0,0,0,0,0],
[0,0,0,0,0,0,0,0,0,0,0,0,0,3,0,0],
[4,1,1,4,3,2,4,0,1,0,2,3,0,3,0,0],
[0,0,0,0,0,0,0,0,0,0,0,0,0,0,0,3],
[0,0,0,0,0,0,0,0,0,0,3,0,0,0,0,0],
[2,2,2,2,1,1,2,4,2,4,4,0,1,4,2,1],
[0,0,0,0,0,0,0,0,0,0,0,0,3,0,0,0]
]*Z(5);

b := [
[3,0,0,0,0,0,0,0,0,0,0,0,0,0,0,0],
[0,0,3,0,0,0,0,0,0,0,0,0,0,0,0,0],
[2,2,2,0,0,0,0,0,0,0,0,0,0,0,0,0],
[0,0,0,0,3,0,0,0,0,0,0,0,0,0,0,0],
[0,0,0,0,0,0,3,0,0,0,0,0,0,0,0,0],
[0,0,0,0,0,0,0,3,0,0,0,0,0,0,0,0],
[0,0,0,3,0,0,0,0,0,0,0,0,0,0,0,0],
[0,0,0,0,0,0,0,0,0,0,3,0,0,0,0,0],
[0,0,0,0,0,0,0,0,0,0,0,3,0,0,0,0],
[0,0,0,0,0,0,0,0,0,0,0,0,3,0,0,0],
[0,0,0,0,0,3,0,0,0,0,0,0,0,0,0,0],
[0,0,0,0,0,0,0,0,0,0,0,0,0,0,3,0],
[0,1,0,0,4,3,4,1,2,3,0,4,4,2,4,3],
[2,0,0,4,2,0,1,4,1,2,2,2,4,1,2,2],
[0,0,0,0,0,0,0,0,3,0,0,0,0,0,0,0],
[2,2,4,0,0,1,0,3,1,1,1,3,4,0,1,3]
]*Z(5);
