https://brauer.maths.qmul.ac.uk/Atlas/v3/matrep/L216G1-f3r16B0

a := [
[0,2,0,0,0,0,0,0,0,0,0,0,0,0,0,0],
[2,0,0,0,0,0,0,0,0,0,0,0,0,0,0,0],
[0,0,0,2,0,0,0,0,0,0,0,0,0,0,0,0],
[0,0,2,0,0,0,0,0,0,0,0,0,0,0,0,0],
[0,0,0,0,0,2,0,0,0,0,0,0,0,0,0,0],
[0,0,0,0,2,0,0,0,0,0,0,0,0,0,0,0],
[0,0,0,0,0,0,0,0,2,0,0,0,0,0,0,0],
[0,0,0,0,0,0,0,0,0,2,0,0,0,0,0,0],
[0,0,0,0,0,0,2,0,0,0,0,0,0,0,0,0],
[0,0,0,0,0,0,0,2,0,0,0,0,0,0,0,0],
[0,0,0,0,0,0,0,0,0,0,0,0,0,2,0,0],
[2,1,0,0,2,1,2,0,1,0,0,2,0,0,0,0],
[1,2,0,0,0,1,1,2,2,2,0,2,1,0,0,0],
[0,0,0,0,0,0,0,0,0,0,2,0,0,0,0,0],
[0,0,0,0,0,0,0,0,0,0,0,0,0,0,0,2],
[0,0,0,0,0,0,0,0,0,0,0,0,0,0,2,0]
]*Z(3);

b := [
[2,2,0,0,0,0,0,0,0,0,0,0,0,0,0,0],
[0,0,2,0,0,0,0,0,0,0,0,0,0,0,0,0],
[0,1,1,0,0,0,0,0,0,0,0,0,0,0,0,0],
[0,0,0,0,2,0,0,0,0,0,0,0,0,0,0,0],
[0,0,0,0,0,0,2,0,0,0,0,0,0,0,0,0],
[0,0,0,0,0,0,0,2,0,0,0,0,0,0,0,0],
[0,0,0,2,0,0,0,0,0,0,0,0,0,0,0,0],
[0,0,0,0,0,0,0,0,0,0,2,0,0,0,0,0],
[0,0,0,0,0,0,0,0,0,0,0,2,0,0,0,0],
[0,0,0,0,0,0,0,0,0,0,0,0,2,0,0,0],
[0,0,0,0,0,2,0,0,0,0,0,0,0,0,0,0],
[0,0,2,2,1,0,0,0,1,2,0,1,1,0,0,0],
[0,1,2,1,1,0,1,0,0,1,0,0,1,0,0,0],
[0,0,0,0,0,0,0,0,0,0,0,0,0,0,2,0],
[2,1,0,1,1,1,2,0,0,2,0,0,1,0,0,2],
[1,2,1,2,0,0,0,2,0,1,0,0,2,2,0,0]
]*Z(3);
