https://brauer.maths.qmul.ac.uk/Atlas/v3/matrep/L232d5G1-f2r20aB0

Generators on GAP
c := [
[0,1,0,0,0,0,0,0,0,0,0,0,0,0,0,0,0,0,0,0],
[1,0,0,0,0,0,0,0,0,0,0,0,0,0,0,0,0,0,0,0],
[0,0,0,0,1,0,0,0,0,0,0,0,0,0,0,0,0,0,0,0],
[0,0,0,0,0,0,1,0,0,0,0,0,0,0,0,0,0,0,0,0],
[0,0,1,0,0,0,0,0,0,0,0,0,0,0,0,0,0,0,0,0],
[0,0,0,0,0,0,0,0,1,0,0,0,0,0,0,0,0,0,0,0],
[0,0,0,1,0,0,0,0,0,0,0,0,0,0,0,0,0,0,0,0],
[0,0,0,0,0,0,0,0,0,0,1,0,0,0,0,0,0,0,0,0],
[0,0,0,0,0,1,0,0,0,0,0,0,0,0,0,0,0,0,0,0],
[0,0,0,0,0,0,0,0,0,0,0,0,0,1,0,0,0,0,0,0],
[0,0,0,0,0,0,0,1,0,0,0,0,0,0,0,0,0,0,0,0],
[0,0,0,0,0,0,0,0,0,0,0,0,0,0,0,0,1,0,0,0],
[0,0,0,0,0,0,0,0,0,0,0,0,0,0,0,0,0,0,1,0],
[0,0,0,0,0,0,0,0,0,1,0,0,0,0,0,0,0,0,0,0],
[1,1,0,0,1,1,0,0,1,0,0,1,0,0,1,0,1,1,1,1],
[0,0,1,0,1,0,0,1,0,0,1,0,0,0,0,1,0,0,0,0],
[0,0,0,0,0,0,0,0,0,0,0,1,0,0,0,0,0,0,0,0],
[0,0,0,0,0,1,0,1,1,0,0,1,1,0,0,1,1,0,0,1],
[0,0,0,0,0,0,0,0,0,0,0,0,1,0,0,0,0,0,0,0],
[0,0,1,0,1,1,0,1,1,0,0,1,0,0,0,1,1,1,1,0]
]*Z(2);

d := [
[0,0,1,0,0,0,0,0,0,0,0,0,0,0,0,0,0,0,0,0],
[0,0,0,1,0,0,0,0,0,0,0,0,0,0,0,0,0,0,0,0],
[0,0,0,0,0,1,0,0,0,0,0,0,0,0,0,0,0,0,0,0],
[0,1,1,1,0,0,0,0,0,0,0,0,0,0,0,0,0,0,0,0],
[0,0,0,0,0,0,0,1,0,0,0,0,0,0,0,0,0,0,0,0],
[1,1,0,0,0,1,0,0,0,0,0,0,0,0,0,0,0,0,0,0],
[0,0,0,0,0,0,0,0,0,1,0,0,0,0,0,0,0,0,0,0],
[0,0,0,0,0,0,0,0,0,0,0,1,0,0,0,0,0,0,0,0],
[0,0,0,0,0,0,0,0,0,0,0,0,1,0,0,0,0,0,0,0],
[0,0,0,0,0,0,0,0,0,0,0,0,0,0,1,0,0,0,0,0],
[0,0,0,0,0,0,0,0,0,0,0,0,0,0,0,1,0,0,0,0],
[0,0,0,0,0,0,0,0,0,0,0,0,0,0,0,0,0,1,0,0],
[1,0,0,0,0,1,0,1,1,0,0,1,1,0,1,1,1,1,1,0],
[0,0,0,0,0,0,0,0,0,0,0,0,0,0,0,0,0,0,0,1],
[0,0,0,1,1,1,0,0,1,0,1,1,1,0,0,1,0,0,1,1],
[0,0,1,0,1,1,1,0,0,0,1,0,0,0,1,0,0,1,0,0],
[1,0,0,1,0,0,0,1,1,0,0,0,1,0,0,1,1,0,0,1],
[1,0,1,1,0,1,1,0,0,1,1,0,0,0,0,1,0,1,0,0],
[0,1,1,0,0,1,0,0,1,1,0,0,0,0,1,0,0,1,0,1],
[1,0,1,0,1,0,0,0,1,0,0,0,1,1,0,1,0,0,0,1]
]*Z(2);
