https://brauer.maths.qmul.ac.uk/Atlas/v3/matrep/L211G1-f2r10B0

Generators on GAP
a := [
[0,1,0,0,0,0,0,0,0,0],
[1,0,0,0,0,0,0,0,0,0],
[0,0,0,1,0,0,0,0,0,0],
[0,0,1,0,0,0,0,0,0,0],
[0,0,0,0,0,1,0,0,0,0],
[0,0,0,0,1,0,0,0,0,0],
[0,0,0,0,0,0,0,0,1,0],
[0,0,1,1,1,1,0,1,0,0],
[0,0,0,0,0,0,1,0,0,0],
[1,1,0,0,0,0,1,0,1,1]
]*Z(2);

b := [
[0,0,1,0,0,0,0,0,0,0],
[0,1,1,0,0,0,0,0,0,0],
[1,0,1,0,0,0,0,0,0,0],
[0,0,0,0,1,0,0,0,0,0],
[0,0,0,0,0,0,1,0,0,0],
[0,0,0,0,0,0,0,1,0,0],
[0,0,0,1,0,0,0,0,0,0],
[0,0,0,0,0,0,0,0,0,1],
[0,0,0,0,0,0,0,0,1,0],
[0,0,0,0,0,1,0,0,0,0]
]*Z(2);
